8928
2180
2636
2650
9246
1261
4892
1627
8969
7870
4065
598
6765
597
1727
1790
2124
2848
305
9330
9743
5514
8353
7303
1299
2343
9350
6597
2066
2050
8654
8373
7086
9860
2076
5593
4982
4856
1155
908
3458
5629
5828
6971
4625
4188
1892
1764
9254
4906
1026
4558
3006
9536
1991
7242
3765
777
9103
1097
9258
348
1495
5454
3024
7883
3912
8309
518
3387
1747
243
5273
21
9549
7440
2440
3340
9100
8355
8840
8224
4418
4425
2834
4426
472
3481
1017
8321
7648
1096
4004
552
1043
7068
8993
871
3574
4022
542
5491
281
5124
3262
2307
6188
2008
8078
9775
481
4009
5448
2874
468
3160
4423
7874
5144
7574
8797
1829
8899
2292
1986
6487
717
9611
4670
1169
8325
7342
5128
4156
4981
2092
3535
6670
9863
7114
8010
2212
5912
5184
6891
1505
5020
4819
8441
5350
4308
3054
8243
2729
5702
78
764
1667
3877
5129
7887
6425
9846
1075
8613
1616
3625
530
4536
2042
7990
3399
4884
191
1159
2673
4752
510
8690
8606
1119
7359
2011
1460
4434
5643
7487
560
3326
1459
2091
8521
8667
1814
197
9911
2464
1700
2669
6054
460
8549
1327
902
2175
789
8882
7007
2577
8813
6527
3012
7766
7379
5958
3834
9375
2205
7470
7691
8436
6779
3244
2662
2769
2742
1127
3738
8655
6659
9881
2403
5317
221
2296
787
1263
1298
7573
4757
3789
8444
1806
8111
1636
4462
2597
9823
9858
3940
8612
8591
1559
3316
8159
8918
4110
8689
3189
1861
1680
3598
245
5438
888
3627
4163
5703
7206
5075
9978
3643
1752
437
5684
5874
4374
3618
8968
7043
8844
1462
7188
391
8653
7467
1115
5919
3846
1754
6000
7064
5538
8451
2804
7646
6572
3296
6365
5983
1401
6452
5671
8562
7655
2473
9167
3544
785
4347
8382
8101
5887
9154
6514
5447
665
1427
5046
1863
7084
4549
7026
1536
3346
7097
7389
6355
1630
1833
4208
6836
5504
5860
1899
4290
4362
5254
6920
8893
3537
8364
499
6486
423
186
3228
5541
15
7266
6215
2093
1385
3354
9652
2860
9812
227
1311
4721
2061
7535
5592
9468
3474
3310
514
7882
6786
9580
1933
9793
2640
418
1546
5174
580
8822
2171
5248
1014
935
5433
4389
857
6388
6986
4630
5673
2906
6251
8461
3817
3708
2943
9005
8878
9995
3319
8153
9603
5895
9201
9107
8892
7716
4095
8919
8826
5281
4586
984
5967
2261
3083
4962
5002
679
755
4869
8894
6996
253
9893
1996
1133
2978
5080
1734
6744
9472
5314
6189
2676
3772
4301
7340
5260
19
6151
726
9129
4192
7371
8169
1438
388
1509
9588
706
2475
4453
6774
7251
7276
8963
4921
9321
8177
7330
9408
7448
6553
9047
7916
59
7578
5772
3077
2221
2298
3680
2039
2905
8048
7378
8619
2487
814
3800
1339
6115
5527
3177
9337
8982
6133
8016
2248
6629
176
7627
2450
6951
2720
2314
8322
6945
3910
8598
9218
802
9938
8114
2237
5867
2372
5466
7107
1989
9531
3447
3432
5044
5604
2065
9533
8273
6158
3333
8571
3359
7678
636
86
1135
169
1419
3857
6338
7001
5685
94
8037
7083
6343
2265
2782
3521
6643
2097
8554
4820
7495
5034
6169
6544
6865
2368
3214
1972
4902
1329
8122
3939
2106
675
6219
7612
6128
4554
9061
8060
1059
1962
1183
914
2085
7845
9834
2157
2582
5414
8396
9701
5037
7484
2986
6499
3435
1834
2197
8496
9933
1643
3137
4045
832
660
384
8328
1305
7865
4176
1171
7700
7142
8949
3397
1098
1595
2713
464
3497
6967
1585
5283
8248
4450
7712
8774
7588
928
1431
4175
8709
7254
1464
7269
5777
1953
5399
4926
1745
9718
1948
9940
6129
8062
8634
7179
8390
8332
5223
1860
816
5169
5197
4127
3565
2083
5855
6864
9567
3612
431
3894
5950
1919
31
7176
8896
7232
9415
5888
3848
3172
5943
1805
8429
8710
8749
7180
633
5206
7250
6559
1143
8755
837
4733
30
3950
8986
7806
5752
2037
240
1966
2275
1174
5291
7288
4607
7363
8683
9464
581
6395
3691
8581
1896
4951
1220
8126
6770
9023
809
2605
4412
7818
2634
5091
4655
8304
5329
589
4638
7324
5176
1149
5070
1804
1521
7054
4359
7283
299
5498
1303
6584
1289
7063
2924
9172
6883
3964
7394
4161
355
8058
2800
4401
368
5786
2282
3268
978
2889
6056
5979
5224
5393
3350
2868
6952
7543
5656
2794
100
1766
2740
1719
405
1400
6794
1725
7372
7836
3206
5816
9045
8180
3563
8183
349
7148
189
8849
2240
1102
4659
7305
6257
6092
2341
782
5862
9445
4233
1770
9215
3220
4123
6007
9710
1351
4257
5731
4375
3442
6303
9367
5924
8245
1849
9476
444
9788
4488
4623
8453
6031
6975
4711
6807
9342
1284
6369
7126
922
8081
4078
3391
3669
3110
801
5048
729
3467
8053
5222
3623
2697
8864
9668
5035
3376
5319
5804
591
4493
8497
234
8593
7066
1842
1847
3116
775
9509
5720
2452
6686
5518
9285
5601
1145
7707
4803
1072
5038
3640
109
8489
2764
5467
91
932
3794
2411
8931
5440
2398
2690
3278
4340
1425
2077
5838
3930
9917
9576
3153
6642
2901
6808
1439
151
5897
1827
8303
4526
5215
443
8488
8586
8707
8585
3411
403
7311
6439
5233
6175
2355
6863
206
1130
1698
8226
7252
347
4014
2270
1160
4849
2334
2807
5437
8335
2383
6232
9584
3647
913
1259
3102
6134
2118
4251
945
7930
288
233
2366
306
209
2285
1202
8637
2258
3297
2894
4957
79
3230
7885
2374
4814
6657
3224
6562
313
8904
81
2853
8866
7746
1932
9778
2945
8096
3979
2820
6225
1895
6382
8753
9125
9602
5310
2479
1809
3782
3242
9894
6648
7104
6398
2323
8294
4312
9807
5974
9853
1865
286
1477
1995
1414
1340
4292
483
2060
8142
2196
2371
5672
4961
6826
6304
9433
3712
4871
7295
3341
4351
1876
5107
9198
7736
9595
2107
2208
117
9242
1246
5389
6777
6827
5753
5313
4370
6718
74
2135
7353
2446
5489
4242
8342
9735
4431
7729
5560
7758
8348
333
4808
7552
4090
6226
3786
3954
5584
49
7522
9334
9412
7790
4355
5036
6742
6132
329
228
1795
2964
1622
1740
644
4848
1508
383
5257
8780
5449
5074
4300
6622
8087
9690
1084
3802
975
6848
4828
369
108
5482
2621
7130
5077
3311
9900
4414
1367
527
2524
3111
6992
4846
5018
6227
2255
6426
4316
8330
4309
5473
1556
7557
3634
1198
7871
2667
411
9585
2064
7216
2186
34
2053
5628
2979
632
8220
4177
8758
6460
9145
9094
1649
3287
709
8795
3492
1018
5158
5517
6469
3876
2029
2549
9064
2651
5724
5996
6603
1342
7057
2737
3416
2191
9162
4168
2494
9931
7890
241
7898
7793
6504
250
1413
4228
8724
9542
5162
9635
255
2404
406
8482
1512
8663
5115
7931
5647
571
1356
87
2671
2268
3380
3635
2612
852
2727
2280
5126
8860
6875
5785
910
979
738
8414
1440
8772
6190
5536
4473
2885
1625
915
3525
6401
9444
9683
8388
5065
1566
722
3533
1430
2376
9872
6660
3587
1724
6105
7192
1720
5242
8305
8265
8922
3750
9384
817
7993
4072
1158
9097
7943
5193
9922
862
4289
6308
8933
626
9599
6960
4657
5563
6173
2102
8278
9453
1234
9015
8422
4083
8975
37
7458
2632
8069
5718
2310
3082
1291
3017
2068
7605
9963
173
3162
1778
547
9703
7684
6565
2471
4878
9717
3196
9416
9088
2533
6059
3419
9604
1819
1296
2194
4990
6720
7781
9466
7489
1543
5481
3748
2251
7469
9460
4525
3016
5864
6773
9442
6954
6792
1901
5017
5436
6842
7386
6654
5913
838
4372
9194
5479
9681
1120
9708
509
6364
2719
3283
2590
5624
6491
5265
2451
7070
5697
9275
528
9013
5642
4352
2127
1651
4492
8607
1710
2810
1928
1399
6160
5300
879
8970
8967
5043
1748
9968
6655
7261
7039
4605
7526
9955
7494
4173
1066
3304
5578
13
4171
2132
366
7749
4896
5920
778
2814
7597
954
7904
7656
9686
7756
454
9847
2302
655
1721
5639
316
9594
841
2437
1994
2397
6787
8770
1108
9976
920
4282
2527
3540
4217
5612
2738
1626
6274
2990
6977
4928
1832
180
8360
5288
3057
5608
4528
5837
3482
9969
8965
4976
1821
96
3238
3013
9336
6410
5014
3948
7240
4922
819
7391
6483
9280
1855
2546
6149
8068
162
6300
8924
2623
382
6392
7175
6899
35
5576
170
4013
4306
8157
5978
450
7442
2808
7714
2291
9269
7437
2328
1557
2480
5012
572
8154
46
283
5525
9386
3555
27
9637
6050
3279
8610
4464
4898
1450
1774
479
6626
4710
2995
3055
2017
9039
5253
4600
7382
208
1799
727
8715
3267
4723
2825
9226
6119
408
1929
2264
1618
2799
341
1629
1975
3622
7862
6127
4538
9130
3502
413
6446
7278
6500
4524
4007
1104
6926
2201
3994
4679
2744
181
2571
7893
7941
9825
6815
6022
3720
2410
3519
7459
9981
6270
4799
989
4964
1567
235
2993
7331
4652
1218
9423
9343
2112
2058
3080
8345
5845
1590
4839
3928
2456
5564
1080
3661
6162
6803
6713
8745
5663
9035
2675
2172
5181
2698
7095
788
5645
1393
9525
376
7227
322
7512
449
8408
2685
7457
2668
4433
8769
549
5430
4366
2534
812
9327
5567
4356
7720
5287
2503
3909
848
8506
3048
8271
2420
4279
4665
5812
4033
3338
5969
9498
6147
9366
5376
4789
3259
5911
1732
5870
98
9550
2439
9332
142
2514
656
4629
4136
2762
158
7476
451
5500
6191
791
2266
3495
9967
12
259
2718
6923
8357
9747
6454
2388
739
4202
9471
7225
9990
2774
4223
983
3809
8828
6594
9582
5586
4811
4755
4929
3251
3243
4333
7507
1004
4480
5814
1257
2607
9838
2013
1147
1492
5110
9438
1851
2824
6507
9002
4809
3658
4559
7750
2604
7548
1897
2459
9802
7502
4988
7190
7632
9951
154
9093
6320
3595
2483
2229
7281
5078
3436
621
439
5296
285
5289
1226
4985
2759
330
9318
7542
511
5640
2573
8349
1537
3412
4707
927
2354
52
2378
4387
800
53
126
505
2516
2164
1838
5102
2994
1788
7891
6888
124
9187
6470
5238
6464
1428
6780
6403
8406
3225
7435
457
4798
520
3373
8981
9082
7395
1941
1457
3897
1417
5598
6321
9209
7390
7733
4924
2599
4673
7755
2790
2819
3616
2941
1403
8164
4858
8587
8526
4643
1357
1918
4463
10000
2217
5882
9443
7748
2162
9912
2073
9513
7313
5348
6252
4641
6492
396
9620
6512
5333
6586
652
1210
9155
428
9600
8998
9232
7042
9864
6418
8450
7243
3767
4044
4714
2730
8015
4021
2143
9309
6533
3002
6035
9421
8764
1583
2772
3074
82
3730
821
6821
4345
4458
2816
2670
1854
1
3505
7210
2912
6715
2490
6541
831
9892
3053
6589
1506
3698
252
195
6044
8375
786
6118
9852
806
6600
8113
8232
3663
2648
1090
8417
1708
8692
1523
7322
4716
6208
6683
6567
4903
6110
767
9705
8837
7223
5970
2793
1151
8539
8546
361
2606
6366
351
7482
9520
2910
7154
3762
1981
761
1762
8962
6287
7194
8881
5367
9956
3301
1639
6159
7666
1228
6918
5308
2269
4126
6892
1601
166
1028
1239
5511
9452
4400
4252
4213
5052
5267
6871
977
232
8547
8268
6769
7973
8140
1423
3564
1013
8109
1646
3953
6497
3882
2390
3501
6307
5565
4561
9183
4947
686
6453
3010
9134
516
5026
5386
6680
3128
8955
5562
9732
7889
1665
3241
2257
3970
1074
4664
2821
3043
2581
7050
5853
5277
4485
2485
410
2545
6987
1661
7737
668
9926
9404
9081
5251
1614
1364
9092
9766
1871
737
9511
9829
1550
4646
242
5572
9313
7664
4141
2028
9205
7259
2649
8473
9078
6070
577
6506
4331
824
4179
4408
58
3923
4353
174
5953
5209
6906
9631
4499
7798
298
8211
9606
2775
5825
434
7884
4636
2985
1242
2187
5531
578
4038
5949
654
9365
1967
4831
1319
3922
190
4805
9287
113
5877
4477
2745
3538
3091
5063
9822
4515
1848
4271
9236
4566
1634
9225
1475
2438
1673
890
4732
60
2968
669
3667
7249
8684
6650
1830
5085
7846
3227
8735
6174
1359
5240
6819
9362
2243
1607
1908
2641
7002
9153
3557
1089
1641
7131
1368
6932
9973
6047
5871
9731
677
4318
7091
7875
7417
5286
7138
2881
8277
426
748
6042
6717
813
8001
7280
2219
3957
5939
1877
643
5259
5114
747
744
8399
9488
7927
3780
4694
2544
7654
3451
2156
1322
524
6008
5543
6019
9843
3204
2161
3949
8447
5746
7779
7992
2608
8401
2123
8324
1276
2461
314
2166
2504
3180
324
4170
1503
6963
6224
2783
6060
4100
1472
8094
9204
4907
7541
6990
5638
3973
9185
742
463
5964
6450
7410
645
8978
8041
2395
4816
9475
9319
5952
4888
8987
8203
3104
6820
925
3594
803
3103
3736
6297
1374
1862
9972
3577
198
8995
6367
8240
4864
7046
4753
2789
4975
370
6333
2173
5873
7662
9928
4935
5420
112
4857
9905
588
211
4025
1662
8004
1571
6958
9815
1808
8459
6466
5901
6830
5988
8701
2113
2806
4361
8703
7019
397
5068
1884
9230
8412
1154
3649
6706
9266
4395
3122
9200
2728
2283
9296
387
1302
7255
7589
6778
5358
8026
1714
6755
6150
4900
4421
8247
2563
6345
7208
3962
2225
664
1355
1817
9910
5561
7780
1157
957
1803
799
3575
2252
8182
891
7797
1187
7799
160
1058
3855
5831
6767
7465
2791
8777
5263
7607
188
5587
3417
3356
3775
1891
4206
5284
3711
4346
7321
5662
7133
576
3475
6220
9147
1390
5809
5899
420
9592
4790
3590
2075
3776
287
3932
8614
5040
1458
118
3496
7355
6745
5372
9564
9784
8833
1229
9426
3402
7151
2618
5062
1046
8628
2449
3150
504
7859
5194
128
1020
4444
4397
2969
6570
374
3226
5545
1349
7108
6177
9377
9387
401
372
9991
3188
3550
4943
2254
5453
1883
7253
1494
1061
2992
1287
93
4516
6282
6164
790
3931
4639
6284
7029
5784
8615
8739
7796
4404
4504
5507
5600
5004
8665
8089
1511
1663
3212
839
9268
4817
3900
9428
8231
6322
7235
7553
6962
2482
1481
963
4713
8582
5936
2660
608
1791
4219
2754
5982
2414
7771
2454
7270
5554
5199
7302
2202
2838
2732
1361
2652
2200
1612
3693
2750
4255
8307
1840
1482
55
9091
215
2116
7218
3665
4484
471
4058
6180
416
894
5559
4736
5428
9693
7770
8009
678
1109
8773
1917
1943
1693
7483
1232
3847
7450
7416
4349
9665
6397
9700
4005
4283
258
8264
6098
4302
682
6791
8442
2525
7141
8711
7150
8228
579
6551
7886
6959
6143
9817
2953
1793
7697
9123
8800
9679
7181
6065
495
1493
5121
771
5241
883
3426
6668
3944
8886
3955
8219
1915
5679
7833
3755
1969
2138
9256
14
4011
7364
7499
1278
3935
6898
3298
6489
9217
7637
7809
7791
4658
4470
6101
931
1491
3621
8700
3366
2506
3332
1648
2386
2610
1514
7337
1016
7613
2512
2851
1553
4577
4225
3509
3217
5
6051
2133
1775
3424
1659
2256
9260
5236
1042
836
9887
6286
1237
8156
2659
8992
6974
4491
8298
2688
5884
9487
7855
1177
22
9243
5345
2332
5945
4726
7284
2603
780
6753
9568
8477
8095
136
9146
5342
6965
4722
596
1606
4702
1346
689
4221
6571
6545
5557
8611
2862
6578
1156
9216
6737
7111
8421
3368
1807
6756
6887
3516
7997
9818
919
9397
9516
2038
4182
6353
8394
3792
2079
892
7830
6701
5555
5704
4910
8474
73
5904
6855
3914
5657
8160
2203
9636
1288
5715
8670
485
7367
699
4422
3413
3493
9947
1658
6684
4119
7215
3118
9278
9399
7921
2833
5815
8274
6237
8520
6197
192
2190
315
8100
5797
6569
5357
5716
3101
7735
4391
519
3553
5471
8731
991
714
1038
3717
2362
2288
8548
9072
9768
2714
8065
6437
4189
459
2499
2384
8186
3446
1447
1574
6645
8426
2927
7634
9028
4076
6168
2731
8524
2928
1916
7326
859
1078
9888
9519
3981
5312
7551
1185
6554
1490
6528
5488
5316
7006
9689
7376
3205
539
3668
4776
3793
9149
3182
2554
1957
4663
1768
3812
2230
7358
6414
6775
1048
9867
1596
9371
8666
5859
9993
9715
6933
8751
501
7765
9659
700
5552
4174
8980
4394
9027
8413
2466
7079
3996
8603
5066
1415
3686
9547
5220
2602
4060
599
1437
3742
847
1777
3531
2535
9590
923
161
2330
2700
7936
6057
9073
6435
2144
3423
5402
6293
8848
5200
317
2301
533
8326
7667
1308
6672
1328
4427
2427
9473
1696
666
6172
5807
7972
1942
1297
1866
9503
8578
3431
9792
4164
9356
1304
2299
2734
6117
213
6354
6247
3322
642
6420
9358
5653
6667
8002
7158
946
2306
6052
6957
5032
7775
256
4581
5599
3885
525
9954
2701
9174
4966
184
3578
749
1562
7081
4468
272
2488
5373
7812
8480
3295
2226
1281
8098
6950
9267
362
2022
4413
2823
5850
3456
6245
1446
282
5817
2961
4969
2004
3089
3529
4
7856
7709
7433
4684
1689
1191
8793
28
7981
740
41
8145
9571
4460
6137
4273
4787
7501
7786
8722
4272
628
4153
5613
2773
5108
8898
8564
4268
5385
5244
1138
9188
24
4145
1912
3704
2109
5149
6644
1152
6593
2399
5590
216
1068
6478
5676
1266
5053
3158
6187
8513
6784
5925
9402
2817
5553
7832
7911
5006
721
4543
395
1867
2975
5495
4804
6734
4867
2989
3079
8767
6442
8515
1609
336
156
8691
4500
3524
9609
8440
2119
7764
5570
805
3985
4705
8855
3666
1244
4094
327
7988
849
5510
6912
8187
6719
8903
7040
631
4650
2052
3026
9456
135
2540
3628
1230
2564
4481
8014
8915
5409
1964
6983
8621
7479
1137
2654
4681
3735
3127
1404
4093
2178
1065
398
2211
5878
8490
8951
7640
6391
1055
2591
3861
784
8024
9854
2365
2267
2589
9394
7346
587
4178
4506
3032
8557
2496
4334
3167
8320
4720
2199
6481
9983
3971
1983
5903
56
8913
1487
2538
1668
7929
1810
3394
1955
9742
1552
8917
858
5743
918
3140
5089
2639
6759
72
5748
8197
467
887
2238
2023
7102
672
8776
9612
2218
5033
7004
3034
6969
4677
8185
7567
8984
3966
9486
9244
3961
6760
6788
2967
6509
5413
5475
8008
2422
4908
4313
2072
5302
3198
8428
4560
6265
2048
9882
5294
6383
869
4264
3963
5930
9943
4608
7065
8302
4863
7285
5991
3781
1742
8337
4088
2712
6081
9110
3903
375
6710
392
3892
8868
835
433
2970
6210
2380
2278
1930
7239
1204
884
5397
6513
9776
7405
7460
1526
1723
2036
1624
7576
6563
1968
4384
8660
3472
765
3975
6344
3991
1852
2568
9682
2899
4307
610
7544
6804
430
1841
685
6415
9046
102
4026
6860
2865
1898
3236
8361
969
8787
29
7113
4940
238
5042
4879
3998
7837
9418
2393
1029
8961
2847
5921
5379
9849
3
194
2785
2707
222
4330
3450
2493
5729
2193
2891
4475
2579
9762
97
1828
217
9979
7725
2322
4036
5972
4606
5390
264
8730
163
3468
326
7094
4172
7399
1907
9020
4105
7156
8409
2317
1802
4994
4091
7840
2100
617
7831
4698
3281
325
6445
8720
1076
4865
7500
622
4614
9721
9150
861
7351
1273
2539
5432
4239
8704
1728
9253
7942
9845
2922
39
9906
1657
3707
7327
9575
9876
2797
9608
38
9338
7744
5133
2957
3090
9828
2431
2955
8552
2337
3454
1131
1555
5403
3121
9090
114
6474
8560
2244
1148
873
864
5800
2370
7425
5394
1779
1270
6393
7819
8629
8132
9680
1534
1326
7106
7246
9593
3611
2099
8125
9210
8633
6679
279
2409
3838
2045
8865
2918
5583
3818
291
8376
4547
1593
2587
9800
2930
8911
9436
7881
9826
1592
3438
7168
1211
6721
7018
6895
7229
996
3355
7136
6386
8099
328
1824
2822
9597
7352
4232
7625
3455
8234
2055
1188
6379
1002
5175
3839
303
6806
40
3810
9543
9695
7403
543
5049
6980
8191
8783
3099
4589
3797
4328
7099
2192
5258
4744
2364
5015
4114
9369
544
4963
3583
4016
92
5687
8134
4521
6301
6858
8419
5706
1837
297
9322
9292
7231
3203
9772
9398
9007
6638
2289
3880
8466
9939
263
3751
3551
310
5849
5131
1290
4297
2852
2736
3246
2361
7127
6606
6434
6890
2140
7888
6126
8383
5250
2455
774
4167
2183
1549
2643
1548
1541
3120
6125
9003
5889
7615
1445
9760
1418
7038
9764
8577
944
6675
4709
2444
3247
3396
2018
4502
7824
8674
8717
4390
880
8512
3960
8214
8706
5539
6516
9655
2014
6040
6494
1934
1782
7122
1163
6076
1564
2530
3237
1162
9420
9716
9223
1369
6726
9175
407
9409
43
7056
9974
8272
7979
5682
9988
8170
1591
465
2003
1965
9262
5182
2915
2214
1816
3173
4322
2765
846
4596
1380
7473
2747
4680
3293
5228
2012
5097
7561
4847
9835
8702
500
5382
2598
9289
647
6664
5225
6700
5847
9067
9085
7745
6982
446
7323
8239
3377
3457
4874
8367
7496
4369
8029
2206
5519
2973
1317
5683
6233
2528
7606
8289
6928
2222
6532
980
3597
359
926
338
1150
5086
4456
4494
3655
65
7879
2472
694
2087
9937
1247
3648
4718
1845
3312
2047
8075
4467
8311
2596
8455
4087
3504
7211
494
7272
4998
4793
4054
4461
8641
4827
1248
8905
3045
1436
4754
681
2448
733
4815
8618
8433
8086
6591
4829
9574
5778
1576
1343
4358
6170
2553
550
5798
1823
9572
3972
1217
3219
9658
959
545
1034
4196
4443
9587
9902
6120
8536
1974
2585
7073
5011
5368
3405
1003
9497
7406
1139
1412
5459
5745
4199
9562
3194
9616
5343
9806
1389
715
995
9075
4894
2743
2126
6725
7650
5669
5354
6423
2326
568
3733
6061
4277
99
6813
6207
7777
6477
7602
8464
9591
4958
3176
3518
8144
9651
8372
5968
9233
2761
8476
1718
7341
2308
1448
4676
1335
3404
8528
1716
1077
304
9697
8757
5652
2601
9960
9754
2273
8054
6809
1467
8150
5023
1250
1906
8249
6624
2951
6705
9141
5857
2756
2325
4503
2813
1927
2982
7638
4437
3041
3234
482
1958
1726
1705
7907
6712
4939
4683
257
5690
7485
6109
7510
8738
3398
244
503
2139
1544
6048
7945
7520
6741
5021
8796
1381
7072
4918
1540
2391
1924
730
7490
8130
1388
5844
9977
4029
3714
7917
2394
4825
5468
273
7463
335
9004
262
648
9038
1589
9348
129
9357
1416
7659
2706
5266
9674
1893
8561
4068
5985
5360
7538
3659
3721
9650
1166
8454
9052
6389
930
8821
1935
562
5404
5072
2682
1577
177
6222
5456
7980
3568
6953
3615
5191
1345
1733
145
1850
9986
2336
9157
8569
8470
4241
5064
6038
249
6905
157
1095
3166
5425
2356
2921
4211
8500
769
7592
3946
2529
7681
8671
4952
1920
804
5509
5426
8405
1780
2875
4501
2104
4465
2861
6376
5976
9803
5001
6540
9248
1947
7339
9848
5834
6276
3741
9642
3799
2694
6550
4633
2680
6692
9936
1560
5375
614
8246
8194
9113
9617
3759
4240
9720
1633
5028
3827
9623
7186
3926
4505
4350
7432
5230
9907
5143
10
4373
1683
2687
3726
5630
6936
6350
7968
5948
5142
8259
4877
1999
3138
229
5926
1647
4319
8023
868
1153
1283
1360
1383
6649
9507
7169
9844
1961
6617
9861
2351
1579
1921
9614
8925
3724
5210
8032
4466
3829
4519
7134
4103
6179
8483
6536
7519
9364
3309
6537
5295
7676
4541
9962
9080
7177
5573
8297
4215
6444
9770
3507
2167
5087
7708
3832
7644
6998
4360
8295
2009
9441
4609
7546
8223
8494
2462
8025
5101
2801
4868
5446
1894
2505
8206
6687
7509
4682
9801
4017
8407
4327
1739
2849
8104
3347
5558
2434
2249
1652
7599
8171
9948
1950
2878
7925
6140
1909
1073
7
5378
2619
6086
574
8679
1060
548
8282
441
9601
2000
3729
4660
2903
6919
9317
2209
4417
4086
4234
2611
7124
3865
7838
3072
5840
4243
7938
1134
5955
7369
1144
6867
2007
7147
2170
8047
9537
6421
5486
1538
4845
5735
2232
6091
8127
6822
6698
6599
4112
5523
6413
5147
8823
4686
1254
231
575
8867
7307
2586
515
7414
6776
7349
7338
293
2418
1103
2096
5084
440
4218
7348
9455
2766
4597
6440
421
702
1868
3317
26
605
4520
5571
6004
4965
1314
5205
3353
9195
2520
3421
3314
4774
5774
9192
6027
6689
2557
6216
4207
2950
5696
2840
6095
7577
6455
1320
903
512
3213
7319
6231
4601
4782
3029
8252
1681
1531
5942
1036
758
9814
8529
7453
3629
1344
4749
8217
2578
7118
1911
5670
6636
8678
4489
7671
8857
651
3606
4496
9874
6814
2131
2088
8280
6751
1301
7762
8819
9560
5580
1365
6352
4224
8943
3392
4760
8518
237
1045
7569
2723
4674
4069
8091
7478
6882
8740
1655
6646
947
5791
8149
3422
5059
6927
9985
3252
7991
7444
9578
3263
5279
3374
1959
4135
3585
2963
7784
9381
8300
9395
3798
8006
2443
2749
458
1094
583
7843
661
3299
5103
88
4436
2842
8807
4548
710
36
3609
9840
8315
3956
8812
9850
6614
7808
8133
5465
1443
7910
2430
6913
2974
720
5100
1476
1701
676
9119
3883
961
2767
7504
5760
8697
1121
1926
5301
708
4666
7590
9699
7854
2026
8649
438
3731
8449
6850
2303
4901
1904
7466
7258
9966
745
1977
1377
3215
9688
2360
7209
2788
4775
4046
8255
7534
7426
1551
2674
4826
1692
4205
4620
7080
7262
8523
9664
7332
2020
2441
3075
5823
5998
4084
5872
261
1525
566
8463
4882
4150
5577
4999
2523
6429
3400
8816
1786
822
4844
3901
8941
9944
8384
4781
6443
7293
2295
1565
3757
1670
6113
2447
7350
3305
9240
7189
5029
4925
1666
3868
1222
7009
1426
9870
1083
8817
7451
3864
3719
2991
3700
1976
6328
4509
8155
9011
9250
1315
175
2892
7023
6005
3681
4323
6357
6310
425
1203
7112
5966
3058
6032
9723
4968
1682
3520
5061
9008
1594
8038
4335
3674
5846
5098
9927
7705
224
364
8592
1021
9136
3329
1856
1483
4866
4040
5973
3149
1654
5396
4931
3833
2272
7033
3250
196
7422
5520
933
3142
2262
7393
7706
4948
1362
7828
687
2583
8519
3993
8885
7226
3701
5165
5675
5550
3596
5923
9261
8430
5980
8938
1522
6014
5905
7977
8736
2867
7263
1717
2876
5667
1434
6155
1146
6841
5689
4367
343
3248
3068
3064
1309
1729
4583
688
3112
563
6472
3209
3977
2024
8061
6223
8664
1645
1722
1984
66
3873
760
9279
8115
5579
7228
6165
1207
1325
1035
9492
9347
4244
6046
770
3869
1063
7020
820
6230
2803
4593
1671
5883
9789
7274
1558
2051
7902
1985
54
7687
5366
5819
8313
766
1236
8579
3170
9865
7143
103
8895
9359
1498
2122
9098
917
4448
3320
5548
1684
6610
8386
7923
8017
5427
2830
3384
3125
3556
1235
5681
5803
8479
5094
5764
3285
1199
5455
1731
9816
1347
267
3579
8193
8080
9630
4310
2223
5632
2829
475
2413
5090
9062
2746
6176
8830
711
4615
4222
7185
7092
2163
1600
2795
3066
8204
6102
9975
4678
3092
1363
9569
4523
9827
9796
3479
7088
7721
2572
3517
877
2960
3559
2630
2972
4102
6763
1054
8487
4402
2672
9272
9040
3709
9447
4840
1409
763
3461
9810
5737
5941
1010
164
753
9302
818
6740
2846
7452
2781
2909
3190
6064
447
3141
5361
9189
6866
1936
7584
8946
6258
7834
4745
1200
6475
427
8779
627
1424
600
1843
8530
9249
400
4191
6677
1092
2869
1396
5151
9785
4024
3816
2580
1378
6558
8784
8673
1099
4881
1107
3321
8491
6161
3115
9965
5252
3265
4143
4411
3008
860
1796
105
9478
149
6087
45
6406
7826
2082
4756
5183
1358
3671
7950
1410
480
3063
7731
5047
1370
7506
1712
7309
7286
5069
1071
3814
432
964
6229
484
9099
1818
6213
7438
9463
5711
8802
9992
2900
2141
8713
2624
3169
731
371
271
3600
1532
5821
8108
3345
4697
284
8545
904
2160
2027
1691
6034
6854
2350
1142
1640
6084
254
8988
2552
6218
5995
2094
9779
5186
3335
1451
5322
4332
657
8022
7964
8733
5153
7316
4368
5954
6518
4810
4729
214
3805
970
6588
6628
9859
3195
807
1243
9382
9676
9108
3361
3791
1331
9310
1086
6922
5655
9458
895
8368
4627
7558
9586
3360
7816
260
1348
9051
7291
9328
9891
973
725
5344
4238
9331
1688
4125
1886
5271
1951
9573
2550
613
9670
5636
2642
3415
1610
9115
2426
650
9749
2353
342
981
1755
3132
6016
9889
8851
7730
8021
3752
125
4497
385
7200
7344
497
7214
2497
6327
7173
6021
3407
8766
6856
2665
5757
8756
9160
4343
2247
9407
6931
4737
9704
8859
5338
1223
9727
7297
6736
7171
3094
5892
3171
4474
183
8040
9060
9053
9884
6204
67
6194
9220
5865
7757
6651
2425
127
5311
16
3148
9264
2416
5836
1653
9135
9767
5027
728
6846
4573
5707
9295
8542
7037
8563
3208
8019
1213
7565
696
3266
70
6157
7237
4053
3774
2646
9477
6907
5742
3945
6652
4190
5596
7801
2870
2595
9159
220
2508
8930
5886
1554
2511
6665
2937
5327
6557
6929
5304
4396
3073
9049
4971
8035
6148
9
508
7673
9214
5827
3156
9238
6810
6695
2195
2352
5609
491
2996
1000
8940
5154
6030
1100
640
1980
7641
9139
3033
2710
5007
1756
4457
9131
4823
7207
2491
179
23
9076
4637
7813
487
1620
280
3844
9349
6082
9022
4096
6666
8869
2828
5852
4212
415
3801
8308
4685
1470
1391
1070
2279
6604
5997
493
3207
3656
4235
796
354
5331
2417
8741
5588
3232
5927
9305
735
141
4590
5732
885
3318
938
1599
3163
1422
3807
5890
5938
6530
2040
6202
2117
9897
8044
1587
6359
6108
2342
7528
6090
506
7219
6640
6184
5056
3469
8200
7387
5346
5602
2519
1449
565
5349
6917
2777
9628
1049
1206
2057
9059
6079
1307
2231
5093
7732
5805
5218
2250
104
6498
8181
2188
3766
8623
2406
7217
9808
2592
2584
7540
5235
9669
974
2843
8481
8718
4870
4773
2628
7564
9306
5464
7203
5384
7800
1170
2770
4758
6623
1857
2526
5499
3123
6964
2691
2977
1420
9181
8804
2300
6273
2465
3547
1502
3229
9206
604
1037
6618
1750
4138
4354
623
5822
8914
9133
9740
6436
526
2693
8201
4843
586
1111
6012
1644
5081
379
3675
429
9241
2315
320
2739
634
2184
5217
1879
6212
7957
602
5247
8871
2381
3929
9830
2689
270
3542
1922
2284
8676
5424
6465
6385
5959
9782
7121
4296
6228
6370
7995
7420
5933
8458
1141
7723
8658
9019
6872
8350
6582
8056
7234
8846
2313
4640
8698
4185
8650
312
7598
906
7611
8237
2041
3038
9406
1638
2159
9109
3541
8083
663
1711
671
9548
5340
1979
6835
9138
7411
5607
7165
3216
3641
9018
7550
9033
7984
1386
9615
743
9769
7872
6309
3549
4703
50
9479
7866
9996
8643
6185
9777
592
7159
1674
5993
5392
8423
4621
4706
7045
2445
8580
6521
6407
8786
3727
7647
9427
3385
2722
2569
6989
9465
7741
1128
1182
5282
9856
8693
7772
9457
5152
4286
561
3842
9450
6316
8694
1931
3275
1504
3920
783
7167
4913
5869
1772
7336
8873
8359
4008
9583
7290
207
2735
3787
7556
1062
8934
7035
144
3270
4791
3202
8991
8508
746
6496
8136
6096
7005
6793
2168
414
8535
1902
274
5160
8838
6242
1024
6772
2433
5818
7447
4214
7908
9104
3887
2155
6542
5537
6405
2210
9696
1405
4653
1294
9841
2565
4546
3688
1694
697
3576
9866
4602
2811
5741
1846
5616
3588
9771
302
1005
2897
5136
3881
6457
9756
4591
9219
3804
4275
1519
4469
3584
5470
2054
9958
5280
1767
2721
9725
6144
4576
1875
4140
69
2841
1604
540
6731
948
7016
6291
6441
7268
3100
8942
7318
5255
1454
8754
6043
3737
8116
5854
7198
8469
7273
3676
6801
6201
7623
6243
9649
8932
9163
9621
988
8791
9899
6880
1527
8175
7196
119
4051
9908
2792
9361
707
5019
89
2339
6764
1241
3685
2763
360
7139
8504
1736
7696
8092
9245
1167
3902
6026
7960
1272
985
4991
4835
8609
8427
8645
5347
1853
8184
1333
5148
6013
734
8765
8510
1792
2276
1998
1677
7805
7864
116
4628
4987
7220
9485
5005
7774
5744
4672
4842
5476
5738
203
9151
7368
9791
456
8046
8966
2147
251
9124
148
7408
4806
289
8192
3850
7354
6508
6181
8445
7596
4152
2938
9950
4626
7878
6757
7187
5421
9344
2470
1787
4487
9071
5641
5406
8558
9117
9126
6253
4539
3343
3144
2987
7963
5232
9687
445
1473
2717
1685
2101
9898
1123
1882
3307
477
4748
8566
8120
474
4144
9079
2708
1815
5944
5813
2786
3567
2647
2241
567
6380
2185
7628
6114
1233
5783
3044
9481
1946
6267
8574
4166
9820
377
853
5497
8198
4995
4812
5932
2898
7969
7162
5633
5117
7683
130
5611
7041
9086
223
3081
3722
3327
8502
6214
7912
2559
4534
1603
3185
3463
2246
5522
8533
9056
924
4662
6911
8281
7658
7304
6280
3136
4950
4399
3378
690
2888
9435
535
3951
8814
9000
3512
1040
2080
2400
1687
4284
9745
1051
6029
4571
8861
6078
9190
531
147
9500
9675
95
6732
4645
3768
9654
9755
8110
5649
3499
7987
9714
5079
6290
828
3783
3828
9556
1406
4321
2458
1584
9657
5201
6894
2377
294
1336
8084
6581
8672
4552
9624
7694
9821
8093
2771
6656
2320
4535
9294
3678
8576
3367
8371
8339
5353
4287
2392
7661
9353
2703
8875
4715
5262
5352
5256
6196
6263
7260
8316
1323
4875
4073
7404
171
6471
3085
6984
7178
4184
8728
808
1874
3393
2780
2709
5521
7103
9304
7986
2532
7090
6828
3982
507
9470
4937
641
9618
9048
6598
5171
2716
8668
3410
3003
1354
8937
6845
5839
2150
7751
2711
4613
4771
601
490
594
8509
553
2154
3390
3835
1023
595
2474
6529
5113
6838
7863
8043
412
9374
8166
7333
3558
2419
236
6268
2031
5654
5614
4772
8262
8210
8402
1771
6910
4557
1741
5119
7734
9400
1515
7381
4973
1240
7724
8785
2871
4507
8215
7692
3135
5082
4337
3146
949
1784
4071
277
2944
4801
5597
9212
1923
1602
4338
7622
3071
4039
8872
1971
9804
6768
3605
8135
4649
830
1561
4854
8392
3124
4104
7201
6511
3651
4416
9340
9842
7653
3030
3372
5493
7759
8572
7299
7554
1572
489
6921
4258
1744
5730
7320
5337
1679
5054
3418
2683
1337
2002
5450
2835
7385
4644
2274
3001
1889
7110
7563
1656
4388
7894
3703
5709
6255
4634
6171
3200
4047
9176
541
3235
6378
1760
7858
2105
5130
982
8057
5009
2725
344
4160
5290
7978
1524
4669
478
8695
2724
2958
7794
5747
8884
3836
2555
6925
7375
9001
8811
7498
2035
9417
7939
7014
9945
8825
3886
7075
9425
3859
9211
3342
8662
5792
3858
4034
3370
9495
8836
9640
6733
5992
2933
8074
6948
4165
9251
3498
8599
3777
3770
546
1251
4262
637
8317
863
2070
5721
8589
1858
8462
6193
4181
8788
559
2684
448
4768
1195
7047
659
7119
115
8148
9429
7454
7643
2189
1615
8729
4080
3632
629
2839
3276
2227
3486
4483
5756
2704
6524
6480
8314
5693
2600
905
1093
5881
4833
1737
1379
9961
6315
762
4767
8161
2476
3907
178
6166
8624
2857
9502
9419
9012
1318
4996
3255
5622
3308
6039
4792
2574
532
3664
7609
6075
492
5264
1690
3109
9213
4129
9143
8438
9980
8775
1161
6305
4018
9971
7572
9341
2886
797
9345
9424
6502
4701
9446
5478
9178
8416
523
8105
2128
2277
582
4592
185
3105
1375
1165
3174
3186
3653
2625
3449
7116
4479
4690
9493
3943
5526
3589
8172
1350
4904
7967
2130
9505
5957
2228
9553
9132
6116
9934
5987
6869
3484
2103
5269
7296
1025
8883
4728
9024
3453
5900
4075
1703
5163
7948
8103
4037
9577
658
5754
2779
1820
9290
1468
47
2495
1702
7760
2358
1275
9625
2543
1944
9957
4837
9839
7631
9203
5714
2932
8626
7370
8763
5880
705
9144
9741
2260
8276
9196
9942
5749
5031
7058
502
2997
2467
854
2319
615
8434
2120
618
4041
7867
7396
4428
9706
4377
6978
7310
4818
3988
3593
6634
3164
7015
8457
496
551
556
4000
5391
7913
5528
9303
5041
1173
2902
8256
331
5768
3863
6294
6560
6071
9627
5443
6269
4230
7527
3760
5439
670
6123
4320
3679
417
5122
8499
4932
866
9851
8973
1009
624
6198
358
9263
4442
9182
1376
606
3256
3642
4003
557
6431
4059
8537
9646
843
1785
5095
1940
2324
1067
9875
7869
5617
8064
1588
9297
139
4324
386
3480
6334
9483
6384
2331
3485
3866
4821
6849
7105
3925
6837
2947
8540
5109
7767
779
3819
6400
1324
1530
2522
1394
2176
44
7431
8734
994
1124
9166
856
5339
5490
4380
6861
4654
4348
6942
4933
409
8312
8378
4766
2
558
6408
9557
3280
7289
695
4550
4459
5380
4204
3464
2281
9329
2551
9677
9459
3086
2460
7013
9660
2373
1227
9199
7961
5999
6240
8847
1869
882
4580
4079
5484
8205
5688
9239
5120
7492
3409
9880
3452
4838
4585
3408
1215
5278
1053
2152
5929
8279
855
7055
5935
4522
4486
4788
4121
3933
6783
7740
5793
929
4687
7710
1937
9032
345
8460
6275
1813
1545
2873
5940
639
90
5441
3210
5674
8714
5365
5986
538
3420
8538
9915
6167
8771
5595
6743
9165
9009
1069
1978
8778
5127
7474
2753
2067
6416
3723
150
6811
940
7347
1925
7649
2245
6138
8926
3056
8167
3989
3788
1586
6428
773
7651
3337
5915
1753
8229
4435
8202
3490
909
7301
7062
7497
5547
4696
6264
8944
1316
4555
110
8267
6552
9653
3849
8638
6515
5802
8642
3078
2837
1193
8381
8639
9538
8759
5231
7639
9127
8363
4813
9765
5984
4631
2121
5330
4379
4019
2204
9501
2021
5963
7619
4378
9224
607
6730
5237
1221
219
4914
3134
3277
1466
6049
9504
5196
8630
7315
4956
2089
6182
226
2486
8143
9554
2681
1441
1598
1267
3375
2110
268
1812
8820
9363
1338
1194
332
6249
76
9920
6940
402
8723
7421
3862
3854
4263
4972
8794
9315
993
1255
1529
5351
3947
7789
9930
9857
7956
7742
5861
6976
2174
6346
6694
3351
999
1039
7685
6812
4567
8746
1184
4890
3546
4747
4556
4288
5323
4406
2253
9946
1794
3113
4109
2515
4889
7868
7704
7514
7575
1619
1757
4911
3528
1192
6238
3976
6761
3362
1878
5371
6325
6488
3924
2287
7820
9410
1870
3749
1628
9873
8870
4876
6335
3336
521
2318
6260
3306
1081
972
8829
6612
8129
7257
943
9461
5188
3258
1471
842
5328
4978
2949
4149
1513
9919
8306
4482
8028
5234
9403
1286
4294
8974
3491
897
8356
1621
5535
3269
4270
3051
5556
8052
2908
4089
5243
6966
2925
6152
2802
901
2213
2177
8216
8275
3253
7763
5505
2959
4582
4180
6702
9284
6605
5658
823
886
8310
4077
2321
998
3020
2751
498
8077
2086
5907
3434
5268
1759
9523
8128
8199
2316
517
6088
6053
8801
6377
8158
2492
4651
4082
140
7937
9112
5179
8891
1542
9691
5916
4410
2616
723
75
6348
6360
3999
9662
6323
6607
5542
8831
5213
7153
2661
1371
6417
9552
9380
2760
1011
4568
6074
9376
2620
2656
6285
2638
6543
469
2049
6800
1205
8954
269
3093
1900
4883
2844
9837
5135
5164
5875
1105
646
9114
8790
1022
958
3382
4578
5808
390
3718
5083
5415
3790
2613
8947
2500
8131
8147
635
3852
5369
2911
9949
1914
9613
2542
5374
346
8151
3095
8501
7624
3414
6568
3980
9868
3771
7089
1510
9638
2655
9647
9489
6433
8452
1617
6884
5868
8568
8085
9043
7030
6422
7233
7155
4938
5898
3489
1650
5008
4245
462
8675
8877
3159
4513
4070
7021
8209
4344
7549
2609
1196
9869
9142
9862
6662
8620
1642
6722
9462
6566
772
3884
2588
301
6331
350
4719
143
9702
1258
4220
4612
3403
2726
6394
7594
4738
4061
8696
5659
1500
292
6279
3601
7810
1826
8953
2548
7591
5788
8435
4800
1501
9909
1033
3292
8254
106
8410
874
3179
4254
8387
1605
6449
64
3155
5917
683
7785
6704
6289
4511
7128
878
5582
9152
971
4092
4912
3161
308
7407
152
698
321
2686
9758
9044
5668
7523
7848
2916
9202
6505
9510
4880
8927
9885
132
8260
356
9042
5187
2363
3011
2907
3508
2859
4229
5736
9890
6063
1905
1496
4635
3826
8876
5270
2477
7919
4784
9235
2402
8960
2884
5739
619
6339
6609
9666
9544
7900
4750
1499
7699
6402
5422
131
3908
1180
4101
2215
8415
7182
3919
834
9773
199
8266
7753
373
6716
9405
419
8682
693
3645
3000
290
6259
9546
9596
5198
1114
8366
5412
5644
9333
4134
2111
1268
1189
8952
2297
8516
8699
2312
1295
2429
1262
6797
6525
4454
4942
5648
6789
2415
2627
1735
2463
718
8251
7899
8575
120
3117
2074
8559
8852
9895
865
9698
1330
1672
201
8935
7695
7282
5723
6085
8888
33
5851
9122
719
6596
2305
8583
7486
4357
4565
3870
3049
4449
2115
9813
2593
6896
9759
6490
5123
8432
6901
9684
4769
8173
5138
6829
5606
1253
1970
5502
2635
7524
1116
4510
9921
9914
461
8601
8588
1547
9372
3650
6419
684
8067
323
5229
1091
4741
2617
1435
9619
7958
5297
6023
4691
6517
5227
7010
200
3983
32
1382
193
3395
1623
8486
7803
365
3824
3552
9712
912
1746
8945
4193
4130
7245
3151
3646
4280
6949
6399
5105
1334
7334
7825
7702
5359
2936
6577
2421
5594
8031
8257
2826
6205
8218
8495
4299
3201
1249
7184
3984
1129
6104
404
3028
7954
6068
716
3147
8244
1172
8236
8005
6556
851
4916
7677
7093
8018
8748
9281
422
8597
5434
7600
7398
1864
9707
3429
5589
5569
6153
3843
6326
3592
3811
6608
1231
741
5956
2831
9522
3941
8404
5445
6592
1082
8007
9738
9570
7951
5051
2507
1256
9780
7892
2677
8222
8012
1006
7630
1910
4862
3023
4742
5698
898
7443
7472
2304
2952
5071
2877
9065
3761
6010
6020
1773
9959
3096
5417
466
1613
5946
6
7989
6785
1432
7197
4187
4618
6724
2626
6266
5370
3506
4717
8824
334
7920
5159
4946
7922
6375
4532
2748
4365
6271
1117
6671
5796
7795
8936
8617
750
4588
2866
2836
1715
1669
6857
7783
378
8781
2136
394
1798
8532
3027
1597
6045
2940
5841
4419
2423
3440
1885
1479
8242
5717
7117
5848
3554
6371
6853
5603
137
826
4128
7955
3740
7028
168
5013
4993
2594
6324
7851
2812
6620
3918
7292
7036
4891
3183
3904
5585
3133
2347
3987
537
204
8909
3699
1179
8727
4253
4899
7618
3500
5951
6062
5418
6881
7449
1992
6970
7752
4642
4381
616
4727
3893
5666
3427
673
4200
7455
8959
4155
8207
318
3059
1224
9193
2182
5173
9634
7513
2880
9430
9228
4371
9641
6503
8485
5795
4329
4786
2666
3022
2436
4364
1478
9563
7792
7279
3753
3684
1573
2845
9440
2346
6347
6823
4247
1373
6575
2010
7880
3860
2931
5058
7717
5708
6306
4824
9055
7539
123
6727
8258
3823
7861
9994
9054
9508
5274
8393
9726
6520
9748
1136
4203
5727
4920
8468
6817
5401
6564
8227
6547
9656
3286
8055
6103
4446
7914
6997
212
8286
4186
9490
9524
8498
133
7620
7587
7743
889
7635
8737
3358
7718
9787
1052
6549
7633
810
2809
266
5605
7604
3702
8493
3143
6209
4731
4498
3330
3937
6011
5529
1411
5219
3245
4700
2998
5192
6342
8976
2541
6981
2095
2146
6163
2796
6073
8948
2702
2883
2468
8213
6879
7325
8138
960
7098
9180
2999
2678
8514
7934
111
9170
101
4830
2081
829
9316
4751
9335
7053
8270
625
1497
9506
5891
7362
3018
9752
6847
6616
5544
4949
8889
3959
9728
8079
2142
6903
5914
1888
1751
680
6941
1484
6590
781
2148
4992
2286
6728
5750
3042
7823
6368
1881
5790
5395
6707
8600
1313
1949
1269
9378
8957
1216
529
5506
8471
7096
5320
4151
8424
265
6781
436
6298
9739
9836
3515
7312
2329
1277
7078
603
9935
8686
4746
1939
3534
2484
7123
8880
9824
4599
2645
8517
4934
7629
4802
7314
2895
8798
2453
4259
7202
7365
4529
5928
1676
2032
1990
5650
5099
4064
9663
2913
246
3831
3510
5458
4261
2566
9050
2872
8212
3039
4540
8999
7025
5106
7428
4735
1486
4002
3067
5894
5116
2233
3428
7536
7446
2071
8369
4579
8374
5705
7429
7901
7027
3425
7076
3129
9494
9643
5931
1465
1341
6583
751
4518
9565
4383
8853
6991
6669
6473
9559
9474
2025
3157
3448
57
1811
2198
8358
4569
4195
1408
6635
8301
7545
6796
230
9694
4553
4267
5620
4237
3430
6748
1282
5016
7060
3874
1238
8439
3130
7109
3638
881
3732
6833
1570
7022
4012
1214
4977
2290
6025
8604
8380
9037
4584
7672
8362
7873
8395
8910
275
5699
5710
3644
2442
950
3938
8162
7366
7294
7935
5637
1300
4619
3660
1209
4508
2478
9084
9639
1686
4314
5431
122
5546
8887
9177
3856
4146
590
5575
7224
667
4530
4740
2923
1913
3035
2547
1783
7377
4111
6914
5461
2629
7829
5664
5794
9692
9301
3758
4953
2387
8190
311
340
691
9432
3097
4447
952
3845
4027
7511
4159
7265
3260
8352
5591
1749
1730
7642
6802
3630
1118
8809
611
840
8042
7241
3114
5766
9671
2784
5501
7445
7842
4031
4622
6372
6501
5843
9886
4795
134
6093
8420
1743
9325
8525
3889
2966
9227
1960
8862
71
6870
9579
1113
5651
9667
5773
612
1763
1402
9247
3290
6714
9855
7100
2798
4250
875
455
6178
570
8972
8365
876
5858
1776
9031
1952
1704
1252
7814
6139
2309
7983
8531
4198
8472
2428
6312
3254
8030
7617
9904
6973
9041
1201
6136
3015
3803
7738
4777
1407
1469
5726
4974
424
8712
5765
4834
4594
7275
2904
6495
1518
3334
2570
7906
9589
9499
9750
2653
7679
3825
5494
7481
6156
1332
1265
8806
987
7711
9017
2976
2919
3488
6299
5325
3682
7953
1474
4107
5515
389
9753
9913
6033
5140
5003
8233
3604
8856
2614
1528
121
8570
3763
2059
3841
5067
6292
1844
6688
4770
5045
5362
4116
6771
7361
5733
6485
3098
8379
6816
3851
1452
3626
4986
3060
4420
1175
1797
2956
8076
7503
1310
4291
4533
1938
5112
2954
5246
2962
5618
2151
8832
1563
5245
2181
9746
2019
5411
5170
8020
4194
9998
3875
4764
3543
8803
4897
2349
7876
61
3193
6915
5826
5775
8293
1279
167
381
8839
7974
9299
9512
6681
8418
9761
1312
5701
3990
1444
4231
453
2920
9197
5190
4478
6615
7402
4734
6795
5212
1982
7815
1212
9414
3365
182
8743
9467
2696
319
1132
4647
3221
1398
17
7264
1292
63
8625
6349
5167
4074
956
7238
867
6674
5627
8465
5755
9729
1635
4544
3527
2407
3303
759
3473
653
3915
339
4785
8448
7807
7827
1027
1168
9877
5981
1387
5876
4382
4945
990
7230
18
8341
9744
2169
4936
4989
1030
6356
5508
4006
7690
6956
2235
8221
5787
9237
1480
701
8742
7212
2005
9102
6003
3896
4514
488
8635
4944
6476
7306
155
3040
7471
1516
7059
5631
5134
6519
8411
9179
7430
3813
2084
6069
1831
6277
7965
6690
3710
4342
5157
3830
4154
4693
337
7374
2537
6283
7877
5534
8834
1533
4562
7918
6877
7932
7436
2056
3076
1064
916
4148
1769
295
585
7693
5830
3139
5680
8594
8
2939
6468
6199
5168
6015
2705
2887
6203
6484
8176
1176
7560
2469
2108
4564
5189
6824
7082
2294
1637
6112
5769
7149
4438
9057
9736
8327
9515
6546
8929
3061
6241
3891
2560
4893
3284
941
1517
4298
8178
2983
4120
5137
7012
8567
5336
1738
1433
6750
6066
9283
6831
6448
5341
4392
5326
4451
5249
5460
3697
9799
6106
1106
4056
5356
9385
6908
8296
6017
8906
4941
2357
7761
4304
2401
4783
1713
3743
4081
3532
2695
2502
5315
7146
8179
7531
3716
4853
3239
9271
7768
4439
4050
4611
9029
1044
4248
7778
1608
3942
9535
476
6621
3523
7532
8792
7061
6296
9156
7713
470
9918
8425
8556
6633
1761
6523
3705
1321
8141
4106
754
6131
6311
7505
248
8555
5480
2348
6968
3631
7773
703
2536
1260
4281
3168
8238
7157
936
8805
9140
452
8950
3796
6999
7067
5214
5185
6329
8354
8901
7115
7530
4276
2078
7517
4303
6988
6943
2498
2001
962
1945
5416
4570
6844
522
1485
2062
4097
2501
815
534
1890
7087
6459
757
9929
8033
997
9252
6576
3539
6409
8340
5203
3536
7120
4765
6001
6248
4398
1709
5309
8124
5226
1101
2207
7205
1442
6432
5172
9661
2405
1954
4872
7947
7400
7949
7839
5758
9293
3739
2046
2367
5487
9558
1079
9307
9517
7360
3872
4610
5155
554
7388
6696
2259
9480
3289
6083
5180
2518
4098
5318
5695
8768
4139
6711
5610
6314
4761
6236
8456
6579
6994
5568
9354
6852
4295
5496
1001
5381
486
1186
8640
8511
5909
1274
3756
3406
9454
3302
7174
3369
9221
218
3690
6939
9173
934
1031
6693
5994
6661
9164
5678
3689
2509
2090
5512
1208
2129
6580
8708
911
8900
9439
6947
6037
4118
3383
3487
8681
7566
4796
7132
3005
42
2242
9607
5615
9783
6658
3986
5908
8063
9186
2521
1801
704
5364
5405
9964
9116
3371
2327
8403
8879
4305
3582
976
2615
5782
276
1397
7317
564
9757
6647
893
872
187
4028
4409
3192
986
5324
3905
798
8726
9068
7982
3815
9953
5533
6332
1225
3967
9672
1678
4915
7493
6625
3363
7085
3108
3769
6336
2179
4122
1372
5118
6154
6944
8484
2432
7044
8842
205
7583
1575
5971
4062
1632
4955
8343
7946
6122
62
955
2562
4278
7051
3031
3619
3871
7461
7397
4476
2234
5398
1429
2827
3522
3273
3654
7689
1988
2137
3895
9158
8097
3052
8288
2971
5990
6111
8608
692
5207
5513
7537
4162
3657
1887
5934
8344
4216
7213
9903
8983
8979
7308
7614
4763
620
138
8118
7959
6510
8760
8431
6538
5646
2758
9831
83
7568
7345
7048
5025
6747
9314
3291
8669
8721
1839
2006
3233
5407
4472
953
8897
8810
6595
1987
2396
7008
5275
8050
1789
3084
296
4895
146
3443
6703
7071
1664
9379
9737
7593
4049
3323
2558
1697
48
3047
159
9648
4860
3840
3927
6555
3610
8631
3386
5713
3696
2893
3617
7660
2069
7769
3599
3822
4671
68
6002
9514
4855
6637
1264
9527
6462
4656
6200
1178
4712
4807
5893
9644
7516
7895
7909
1997
4616
51
8351
7933
2340
3191
6697
7193
1859
8863
7477
8522
1872
8225
9326
2044
6762
9016
6859
6641
6145
5937
713
2220
2699
8152
8732
9234
7384
8397
5452
8049
9709
9312
2556
4315
5057
6758
2345
7373
7680
6746
6447
5306
8112
5975
3021
4201
8137
5759
8319
3867
649
7221
7300
7626
8632
9786
8036
3785
7464
2098
8338
4841
7962
3046
6121
850
9809
7017
6799
939
5947
3222
2663
6458
6676
593
3331
5677
8827
7191
9259
8333
5989
4441
3670
3773
3754
768
3328
9797
5292
966
3271
3745
247
3725
7924
827
7670
638
202
7427
5477
2965
8059
9373
7996
5474
3608
3692
80
6924
8039
8627
3560
3477
8622
9070
1963
5896
5335
4023
3566
3747
399
9711
9751
4020
9645
4158
9352
5076
2575
4285
9534
9168
752
6723
11
4269
1706
1293
2981
6404
7533
5965
7850
9089
3261
5334
5146
7419
4424
7663
8107
6288
7727
3004
9025
1125
7166
7975
7657
2389
5166
6256
442
9074
7409
1453
5574
5762
7199
7183
4385
937
8503
6539
9120
4210
1219
3459
7754
2778
8656
2517
353
7335
8808
4325
1041
7069
2637
1800
6041
5451
2338
6699
5492
7719
3274
4440
2385
8652
3899
736
1421
2929
4403
5410
9526
4695
2858
6832
8939
7521
6995
7164
9118
8370
8253
6561
844
3249
6682
9629
4035
7788
4274
8916
8602
712
9448
8168
2030
8636
9610
6024
3969
6639
7328
9722
5276
6295
2679
5261
2165
1973
896
3636
9622
9101
7966
7601
6463
1366
6534
3821
5833
2622
9449
4984
8446
7682
4001
7298
8616
6261
6818
8782
6738
4852
8336
6874
6479
9411
9128
5204
6630
7701
9229
8920
965
5811
6673
9626
2489
793
3062
4850
1758
5419
5462
5104
380
2768
5619
6897
3325
6735
9184
8685
1568
9274
5623
8752
9111
8956
6902
3603
8505
5824
6358
9096
7985
9896
2424
3466
3898
4739
4595
5485
8013
6535
5960
2855
555
7852
9273
6522
9941
2863
795
8958
7747
9795
8534
7579
6611
9291
165
8997
8117
8261
2832
367
4779
8971
4551
5516
4632
8890
2382
8590
6685
8761
6412
6993
5751
1245
7441
1822
8195
6900
1126
9370
8034
3272
9598
1578
8071
2715
6691
5728
5472
5050
2412
5298
3154
5781
7603
6077
7726
662
6318
3401
6587
3952
9257
9311
5770
7244
5156
2033
967
4326
724
2034
3916
3324
5581
9997
7971
1057
210
8284
1181
4405
6782
6934
84
4407
5177
9581
6585
992
3744
307
6099
9389
352
8541
8088
1352
7256
8492
7456
6055
7595
7204
7144
7582
4317
9811
363
7003
4983
7160
8644
4057
6351
8799
7559
9171
4887
5700
9529
5712
2513
3131
3921
7439
9482
6381
2926
5429
2818
9434
1707
776
6396
5910
7857
2236
7074
6840
7841
6851
2988
6374
4667
1008
6192
7129
1088
1395
2776
1581
8235
4572
5780
9437
6961
3223
153
3282
9561
2631
1660
4778
6262
6067
7271
3879
6186
225
172
899
4015
3602
7562
9169
8230
609
7267
9255
3614
2379
8467
8389
3381
2755
9270
7616
5740
9633
7722
9231
5039
9083
4512
3494
4209
6009
3687
9798
1611
7277
4704
1903
8106
9901
3462
4517
5776
7424
3344
8174
2692
5549
4293
3890
5530
5383
1306
7356
9551
7782
9036
8818
8051
6281
7401
8688
2043
3352
8391
4108
3197
1993
1956
7608
4115
1461
674
4137
9871
3313
4708
5150
5977
7140
4429
2216
8507
8661
9883
9733
4954
9300
6790
6825
7488
3107
8845
4980
2644
5321
1580
5092
6080
7049
2063
6739
9006
6631
4780
8398
1112
5221
5400
6313
1488
9805
3561
4085
1056
7222
7698
3069
1190
6361
4930
4256
4376
3025
9087
584
6893
5202
3478
8331
536
5829
7970
5686
7571
833
6708
7413
6930
9034
4067
3087
5820
1535
2531
3580
6798
4759
7034
3613
5801
8750
2757
1835
2815
5722
3348
8565
7776
4537
9713
5024
9924
3240
3119
3936
1032
1699
5566
811
2016
2917
8527
3437
9401
8912
2408
8123
4959
6451
3065
7145
4236
6632
8334
3152
1384
9987
9528
9391
2224
7847
4527
6862
9491
4363
4249
4010
825
2805
8994
5132
9137
4336
4919
6602
5842
4699
5355
6124
3106
9724
3300
9298
9282
3662
3126
7665
8188
6955
6340
9030
7247
4495
7728
7610
3088
8287
8146
3853
2882
4490
6467
9286
2263
6873
2576
4226
4979
7928
7944
3837
942
3778
5161
7952
9161
3211
8377
4927
4797
3779
239
8815
9026
9413
7686
3586
357
7905
4043
3591
309
4688
9923
6937
3530
9794
9819
6972
5178
3470
6424
3706
3637
968
1392
5634
2293
7580
3913
4923
5719
4311
3181
5866
3620
4836
8908
3572
3514
9532
8719
8843
8551
630
8985
4445
1456
4587
4393
6456
8573
3562
6729
4183
9069
5208
2134
7383
2344
2015
8196
4117
8189
1087
8544
6868
3187
5551
7940
1489
5195
4851
8543
9148
5692
845
3624
7248
5771
7529
5305
7688
7822
4432
3145
9984
7817
85
5442
1873
9191
7804
7844
9605
3633
3465
9390
5879
2984
951
3439
7287
1280
6438
6573
8657
8725
9970
2664
7525
1631
2153
8285
1110
7011
7052
8163
8443
3978
7915
5922
5125
5767
6094
9678
8299
8011
9999
6427
8858
6217
9351
3511
4197
7380
1122
5961
3388
9105
5902
3607
6834
921
5307
3483
6244
3175
6235
3878
5691
4689
3734
9277
6548
3764
5096
4603
5626
2335
2481
5088
3695
7585
6097
4794
4227
8605
7518
5073
5463
4822
6843
8835
9521
3974
7581
5810
1085
6142
8744
4260
2890
2125
9106
2457
3165
3820
4724
8000
8907
8651
3379
5540
77
9539
2567
9916
8990
8400
2271
9878
1015
6183
8687
6482
9832
9066
2864
5469
4997
9781
6006
2369
3569
9541
9685
4730
7475
6752
7976
8475
8070
3007
2896
2914
1353
6430
3036
9010
3548
4563
9540
5423
1582
5763
6250
2980
3178
9673
5761
2850
4762
6254
1781
2787
5010
5388
3672
9324
8073
8989
3784
3997
5832
3911
1285
2658
3364
3917
6146
9396
4157
7903
2510
2633
6886
1507
794
8318
4725
5299
4545
1455
5863
8596
9982
8241
3476
4042
4032
3965
4861
9063
4055
9730
3441
7032
5621
8329
3808
7462
3257
9555
3288
5799
6206
7849
6904
8283
7329
9392
3573
8854
2435
7896
4169
870
8045
8072
4668
6100
20
9989
9518
5660
3264
9422
3694
7739
2879
6411
5503
5139
6601
2741
7703
9014
6885
8964
4131
4030
7423
278
4265
3231
6221
9339
2561
2946
6211
6341
6493
9320
8789
4471
5734
5363
1880
7636
8066
6805
5444
7434
3014
4063
9932
3715
573
4066
513
1047
25
3673
3713
8165
9530
5635
8437
1140
8119
5789
3992
8874
3339
5145
1825
3471
6749
9355
6141
3460
6234
6653
6130
7835
8082
5030
8121
7999
8102
8677
1695
2158
4113
9021
7412
4147
3389
756
3677
5055
9790
6089
7586
300
3526
7468
4743
1019
5779
9393
1271
5060
107
1197
9288
9484
473
5835
9566
6526
9952
1012
5272
6058
3958
4598
6330
3019
5694
4048
5387
4341
2375
3545
2114
6627
8680
4386
3050
6362
1463
4675
1007
9879
7897
6946
8263
8269
7998
3652
4960
5918
5435
732
6278
4648
7170
1675
4542
6072
4574
6938
9632
907
6018
9368
3503
8584
3433
9496
2145
569
8841
8292
9734
8478
7652
8139
9925
8290
4455
8921
5906
4604
9121
1050
6754
5377
6663
3218
6373
6531
4661
9763
4624
9208
8977
2311
8659
9431
4124
5111
4832
7125
5141
9388
7152
6909
8090
6766
2657
7547
3349
7480
8550
5000
4415
4873
6889
3683
7675
7787
4266
4967
6387
7392
8595
7860
7853
4859
8553
792
7031
393
8385
2149
3888
6613
6302
4905
7137
3639
7994
8323
8250
4575
7343
7135
5885
3581
8291
3968
6390
3445
8902
8347
4142
3571
4430
3906
2333
8850
3570
8003
6935
6619
9222
7821
9833
5408
3806
6574
7418
5856
4886
8027
8762
7163
1569
3184
9451
6839
7000
9383
435
2856
7715
3037
8705
5239
6979
7172
5806
9308
9276
8346
1765
5962
5303
9774
6876
5725
4917
9719
8647
7508
7024
5532
9207
3009
3995
2359
7926
7101
5457
7077
5625
6317
3444
5661
8648
2942
9265
7811
2854
5285
2934
7570
6107
2948
5665
3795
1836
7668
7415
4692
7357
4052
4452
7802
4132
6028
3728
8646
7645
7621
6709
5483
6239
6036
6319
5332
1539
4617
5022
2239
7674
7515
1520
9469
6916
3934
9077
2752
4531
8716
6272
5524
5293
6678
2733
7195
6135
6985
8747
6337
9360
4970
9058
8923
900
3199
3357
7669
8996
7236
3746
9346
3513
6878
4133
4885
9095
4339
6363
6195
4099
1164
9545
5211
7555
4246
7491
8208
7161
3315
9323
3294
4909
3070
6246
5216
2935
6461
